0.0042858624858278785,
1.7950502859215043E-4,
0.9427466366695622,
0.0488092254058925,
0.003977225554116312,
1.357999252811358E-4,
1.0654498791684002E-4,
0.0015041231784219582,
-0.0017136306616369413,
-0.0011025852400384226,
-0.029270099707048837,
-0.0014263923729238791,
0.0029718869372338088,
-2.4361870663480568E-5,
-8.868123476048901E-4,
0.07062242004112977,
0.0012604145726359782,
-0.04810222374939829,
-1.9056968730065752E-4,
-1.1877728703147615E-4,
4.7231495200591544E-4,
7.815979932957336E-4,
6.328158017593949E-4,
-9.53283025694506E-4,
1.473861625834063E-4,
-3.4224947818881855E-4,
-5.626404714022993E-5,
-1.9334465422495394E-4,
2.716452035577268E-4,
-6.71151809074901E-4,
-0.048102223749398314,
0.0,
