-0.20768024865052698,
0.01567281517490167,
1.2368515443064036,
-0.10425441307743365,
0.18163106133817145,
-0.12164598880167941,
0.0013116071375514106,
0.031130145085949697,
-0.04852723654428201,
-0.050993999834148894,
-0.21850159817728335,
0.0066277845498274104,
-0.03613007520913933,
-0.012545169562520954,
-0.07879092158012596,
0.5124914058725408,
0.0398481483595596,
-0.47286439358426474,
-0.08499411017140403,
-0.012123755362601012,
0.07849777275265021,
0.007424846903299937,
0.001876576171411571,
0.003431892398855919,
0.026030073847491817,
0.012369881549081365,
0.008543844428968455,
-0.008529484995696243,
-0.025709904657541204,
-0.010091231021504195,
-5.224422292843323,
0.008870637471412932,

